16.62020000000000000000
15.39044000000000000000
21.66708000000000000000
55.97008000000000000000
16.34196000000000000000
15.64008000000000000000
9999.00000000000000000000
19.55644000000000000000
9999.00000000000000000000
18.31168000000000000000
15.02944000000000000000
9999.00000000000000000000
21.48320000000000000000
15.70436000000000000000
14.15008000000000000000
9999.00000000000000000000
16.08312000000000000000
9999.00000000000000000000
21.70280000000000000000
15.03420000000000000000
32.54232000000000000000
9999.00000000000000000000
9999.00000000000000000000
15.70456000000000000000
88.24996000000000000000
9999.00000000000000000000
20.58556000000000000000
14.47096000000000000000
661.06840000000000000000
15.57648000000000000000
20.90884000000000000000
7231.50700000000000000000
39.71360000000000000000
9999.00000000000000000000
17.52484000000000000000
69.23712000000000000000
20.45676000000000000000
67.06228000000000000000
9999.00000000000000000000
15.12340000000000000000
16.05488000000000000000
307.47236000000000000000
9999.00000000000000000000
13.28572000000000000000
9999.00000000000000000000
22.51476000000000000000
47.24004000000000000000
31.50352000000000000000
2595.42396000000000000000
9999.00000000000000000000
