16.65224000000000000000
16.53636000000000000000
21.40212000000000000000
96.36304000000000000000
33.40664000000000000000
814.21176000000000000000
9999.00000000000000000000
20.62896000000000000000
9999.00000000000000000000
15.00872000000000000000
16.44068000000000000000
9999.00000000000000000000
21.81168000000000000000
814.20620000000000000000
15.33104000000000000000
9999.00000000000000000000
414.61648000000000000000
9999.00000000000000000000
22.56208000000000000000
413.46552000000000000000
813.16912000000000000000
9999.00000000000000000000
9999.00000000000000000000
15.40564000000000000000
89.61984000000000000000
9999.00000000000000000000
421.15160000000000000000
414.59104000000000000000
260.92680000000000000000
415.34040000000000000000
20.72092000000000000000
5256.33572000000000000000
38.57768000000000000000
9999.00000000000000000000
15.67076000000000000000
52.76380000000000000000
17.57624000000000000000
454.06408000000000000000
9999.00000000000000000000
14.86076000000000000000
16.34012000000000000000
278.33056000000000000000
9999.00000000000000000000
14.01368000000000000000
9999.00000000000000000000
421.42984000000000000000
86.41612000000000000000
22.29004000000000000000
9999.00000000000000000000
9999.00000000000000000000
