16.32840000000000000000
13.96424000000000000000
20.08724000000000000000
91.31328000000000000000
37.70696000000000000000
15.83636000000000000000
9999.00000000000000000000
20.61724000000000000000
9999.00000000000000000000
14.66176000000000000000
14.40476000000000000000
9999.00000000000000000000
20.74084000000000000000
15.17136000000000000000
15.63636000000000000000
9999.00000000000000000000
16.88248000000000000000
9999.00000000000000000000
21.39280000000000000000
14.75336000000000000000
15.59348000000000000000
9999.00000000000000000000
9999.00000000000000000000
14.22408000000000000000
90.18440000000000000000
9999.00000000000000000000
20.86400000000000000000
14.40996000000000000000
222.52100000000000000000
15.91432000000000000000
20.26360000000000000000
6045.94588000000000000000
34.87016000000000000000
9999.00000000000000000000
16.59400000000000000000
57.34412000000000000000
15.42468000000000000000
82.46608000000000000000
9999.00000000000000000000
14.31788000000000000000
14.83352000000000000000
251.58244000000000000000
9999.00000000000000000000
13.38300000000000000000
9999.00000000000000000000
22.08776000000000000000
47.71604000000000000000
31.08324000000000000000
255.05404000000000000000
