21.03036000000000000000
14.90232000000000000000
21.97592000000000000000
58.82880000000000000000
14.73516000000000000000
16.01132000000000000000
9999.00000000000000000000
20.08548000000000000000
9999.00000000000000000000
16.03376000000000000000
15.31720000000000000000
9999.00000000000000000000
22.58084000000000000000
16.19024000000000000000
13.75224000000000000000
9999.00000000000000000000
15.76292000000000000000
9999.00000000000000000000
22.20392000000000000000
14.28940000000000000000
15.87152000000000000000
9999.00000000000000000000
9999.00000000000000000000
15.61884000000000000000
90.65476000000000000000
9999.00000000000000000000
22.34184000000000000000
14.67012000000000000000
2994.57828000000000000000
15.59348000000000000000
20.03456000000000000000
6441.24200000000000000000
37.65528000000000000000
9999.00000000000000000000
17.49008000000000000000
69.48300000000000000000
15.10884000000000000000
69.19760000000000000000
9999.00000000000000000000
14.35628000000000000000
16.19952000000000000000
338.37604000000000000000
9999.00000000000000000000
14.47464000000000000000
9999.00000000000000000000
23.28588000000000000000
14.00748000000000000000
21.93568000000000000000
9999.00000000000000000000
